3
fr2_20150829_00:0,3
fr2_20150627_00:0,3
fr2_20170405_00:0,3
fr2_20170403_00:0,3
fr2_20160719_00:0,3
fr2_20160818_00:0,3
fr2_20150801_00:0,3
fr2_20170627_00:0,3
fr2_20170527_00:0,2
fr2_20170705_00:0,2
fr2_20170629_00:0,3
fr2_20160530_00:0,3
fr2_20160830_00:0,3
fr2_20160625_00:0,3
fr2_20170605_00:0,3
fr2_20160720_00:0,3
fr2_20170626_00:0,2
fr2_20170630_00:0,3
fr2_20160716_00:0,3
fr2_20160614_00:0,3
fr2_20160619_00:0,3
fr2_20170524_00:0,3
fr2_20170509_00:0,3
fr2_20150609_00:0,3
fr2_20150606_00:0,3
fr2_20170609_00:0,3
fr2_20160518_00:0,3
fr2_20160610_00:0,3
fr2_20160611_00:0,2
fr2_20170704_00:0,3
fr2_20170614_00:0,3
fr2_20160819_00:0,1,1,1,1,1,1,1,1,1,1,1,1,1,1,1,1,1,1,1,1,1,1,1,1,1,1,1,1,1,1,1,1,2,2,2,2,2,2,2,2,2,2,2,2,2,2,2,2,2,2,2,2,2,2,2,2,2,2,2,2,2,2,2,2,3,3,3,3,3,3,3,3,3,3,3,3,3,3,3,3,3,3,3,3,3,3,3,3,3,3,3,3,3,3,3,3,4,4,4,4,4,4,4,4,4,4,4,4,4,4,4,4,4,4,4,4,4,4,4,4,4,4,4,4,4,4,4,4,5,5,5,5,5,5,5,5,5,5,5,5,5,5,5,5,5,5,5,5,5,5,5,5,5,5,5,5,5,5,5,5,6,6,6,6,6,6,6,6,6,6,6,6,6,6,6,6,6,6,6,6,6,6,6,6,6,6,6,6,6,6,6,6,7,7,7,7,7,7,7,7,7,7,7,7,7,7,7,7,7,7,7,7,7,7,7,7,7,7,7,7,7,7,7,7,8,8,8,8,8,8,8,8,8,8,8,8,8,8,8,8,8,8,8,8,8,8,8,8,8,8,8,8,8,8,9,8,9,9,8,9,9,9,9,9,9,9,9,9,9,9,9,9,9,9,9,9,9,9,9,9,9,9,9,9,9,9,10,10,10,10,10,10,10,9,9,10,10,10,10,10,10,10,10,10,10,10,10,10,10,10,10,10,10,10,10,10,10,10,11,11,11,11,11,11,11,11,11,11,11,11,10,10,11,11,11,11,11,11,11,11,11,11,11,11,11,11,11,11,11,12,12,12,11,12,12,12,12,12,12,12,12,12,12,12,12,12,12,12,12,11,12,12,11,12,12,12,12,12,12,12,12,13,13,13,13,13,12,13,13,13,13,13,13,13,13,13,13,13,13,13,13,13,13,13,13,13,13,12,13,13,13,13,12,14,14,14,14,14,14,14,14,13,14,14,14,14,14,14,14,14,14,14,14,14,14,14,14,14,14,14,14,14,14,13,13,15,15,15,15,15,15,15,15,15,14,15,15,15,15,15,15,15,15,15,15,15,15,15,15,15,15,15,15,15,15,14,...
fr2_20170828_00:0,...
fr2_20170717_00:0,...
fr2_20170719_00:0,...
fr2_20170922_00:0,...
fr2_20180705_00:0,...
fr2_20170716_00:0,...
fr2_20170720_00:0,14,...
fr2_20180529_00:0,...
fr2_20180618_00:0,...
fr2_20170709_00:0,...
fr2_20180707_00:0,...
fr2_20170712_00:0,15,...
fr2_20170725_00:0,...
fr2_20180531_00:0,...
fr2_20180523_00:0,...
fr2_20180606_00:0,...
fr2_20170802_00:0,...
fr2_20170924_00:0,...
fr2_20180530_00:0,...
fr2_20180522_00:0,...
fr2_20180710_00:0,...
fr2_20180514_00:0,...
fr2_20180709_00:0,...
fr2_20170721_00:0,...
fr2_20180704_00:0,...
fr2_20180619_00:0,...
fr2_20180712_00:0,...
fr2_20180711_00:0,...
fr2_20170826_00:0,1,1,1,1,1,1,1,15,1,1,15,1,1,1,1,1,1,1,1,1,...
fr2_20170728_00:0,1,1,1,1,1,1,1,1,1,1,1,2,2,2,2,2,2,2,2,2,...
fr2_20170830_00:0,2,2,2,2,2,2,2,2,2,2,...
fr2_20170923_00:0,1,2,2,2,2,2,2,2,2,2,2,3,3,3,3,3,3,3,3,3,3,3,1,3,3,3,3,3,3,3,3,3,3,3,2,3,1,3,3,3,3,3,3,4,4,4,4,4,4,4,4,4,4,4,4,4,4,4,4,4,4,4,4,4,4,4,2,3,4,4,2,4,4,4,4,5,5,5,5,5,5,5,5,5,5,5,5,5,5,5,5,5,5,5,5,5,5,5,4,5,3,5,5,5,5,6,6,6,5,3,6,6,6,6,6,6,6,6,6,6,6,6,6,6,6,6,6,6,6,6,6,5,6,6,6,6,7,7,7,4,6,7,7,7,7,7,7,4,7,7,7,7,7,7,7,7,7,7,7,7,7,7,7,7,7,7,7,6,8,8,8,7,8,8,8,8,8,5,8,8,8,5,8,8,8,8,8,8,8,8,8,8,8,8,8,8,8,8,8,9,9,7,9,9,8,9,9,9,9,9,9,6,9,9,9,9,9,9,9,9,9,9,9,9,9,6,9,9,9,9,9,10,10,10,8,10,9,10,10,10,10,10,10,10,7,10,10,10,10,10,10,10,10,10,10,10,10,10,10,10,10,11,10,11,11,7,11,10,9,11,11,11,11,11,11,11,11,11,11,11,11,11,11,11,11,11,11,8,11,11,11,12,11,11,11,12,12,12,11,12,10,12,12,12,12,8,12,12,12,12,12,12,12,12,12,12,12,12,12,12,12,9,12,13,13,12,13,12,12,13,13,12,13,13,13,13,11,13,13,9,13,13,13,13,13,13,13,13,13,13,13,13,13,14,13,14,14,13,10,13,13,14,14,14,14,14,13,14,14,12,14,14,14,14,14,14,10,14,14,14,14,14,14,14,14,15,15,14,15,14,14,14,15,15,15,15,15,11,14,15,15,15,13,15,15,15,15,15,15,15,15,15,15,11,15,15,15,...
fr2_20180918_00:0,...
fr2_20180811_00:0,...
fr2_20180901_00:0,15,15,15,15,...
fr2_20190804_00:0,...
fr2_20190617_00:0,...
fr2_20180809_00:0,...
fr2_20180902_00:0,...
fr2_20181002_00:0,15,...
fr2_20190707_00:0,...
fr2_20190805_00:0,12,...
fr2_20180731_00:0,14,...
fr2_20190612_00:0,...
...
fr2_20190701_00:0,...
fr2_20180911_00:0,...
fr2_20190704_00:0,...
fr2_20180916_00:0,...
fr2_20180805_00:0,...
...
fr2_20190512_00:0,...
fr2_20190626_00:0,...
fr2_20190607_00:0,...
fr2_20190517_00:0,1,...
fr2_20180909_00:0,1,1,12,...
fr2_20190714_00:0,...
1,1,...
fr2_20190709_00:0,...
1,1,1,1,...
fr2_20180917_00:0,1,1,13,1,15,1,1,1,1,1,1,1,1,1,2,1,2,2,1,2,2,1,2,2,13,2,2,2,1,2,2,2,2,2,14,...
fr2_20180914_00:0,2,2,2,2,2,2,3,2,3,3,2,3,3,2,3,3,3,3,3,2,3,14,3,3,3,3,3,3,1,3,3,15,3,3,4,4,3,4,4,3,4,3,4,4,4,4,4,3,4,4,15,4,4,4,4,4,4,4,2,4,4,...
fr2_20181001_00:0,5,5,4,5,5,4,5,5,4,5,5,5,5,5,4,5,5,5,5,5,5,5,...
fr2_20190404_00:0,5,3,5,6,5,6,6,5,6,1,5,6,6,5,6,6,6,6,6,5,6,6,6,6,6,6,6,6,1,4,7,6,7,6,7,6,7,6,7,7,6,7,7,7,2,7,7,6,7,7,7,7,7,7,7,7,8,7,8,7,5,8,7,8,7,2,8,8,7,8,8,8,8,8,3,7,8,8,8,8,8,8,8,8,9,9,8,8,9,6,8,9,8,9,9,8,9,9,9,9,9,3,8,9,4,9,9,9,9,9,9,9,10,10,9,9,10,9,10,7,9,10,10,10,9,10,10,10,10,9,10,4,10,10,10,5,10,10,10,10,11,11,10,10,11,11,10,10,11,11,8,11,10,11,11,11,11,10,11,11,11,11,5,11,11,11,11,6,12,12,11,12,11,12,11,12,12,11,12,12,11,12,9,12,12,12,11,12,12,12,12,12,12,12,6,7,13,13,12,13,13,12,12,13,13,12,13,13,13,12,13,10,13,13,13,12,13,13,13,13,13,13,14,14,8,13,14,7,14,13,14,14,13,13,14,14,14,13,14,11,14,14,14,13,14,14,14,14,14,14,15,15,14,15,15,14,9,8,15,15,14,15,15,15,14,15,14,15,12,15,15,14,15,15,15,15,15,15,...
...
15,...
...
15,...
...
...
10,15,...
...
15,...
9,15,...
...
13,...
15,...
...
...
...
...
...
...
...
...
11,...
...
10,14,...
12,11,15,13,12,...
14,13,15,14,...
15,...

real	102m38.654s
user	0m0.049s
sys	0m0.172s
